generation,N_shifts,logPrior,logLik,eventRate,acceptRate
0,0,5.75808,-953.722,1,1
1000000,3,22.1247,-875.926,1.24527,0.445565
2000000,4,24.4538,-878.092,1.90521,0.375119
3000000,6,39.2186,-877.728,3.02527,0.458781
4000000,3,20.9581,-887.254,2.3075,0.42842
5000000,2,15.3305,-885.275,2.79564,0.42891
6000000,9,40.2281,-875.821,5.74995,0.434012
7000000,4,23.4709,-876.327,2.57522,0.420592
8000000,5,30.7763,-879.696,3.12232,0.456673
9000000,6,33.8826,-877.068,2.46585,0.436069
10000000,5,31.6874,-870.928,3.7226,0.39312
11000000,5,28.4555,-878.074,3.43776,0.44309
12000000,6,33.8544,-872.75,2.97317,0.429444
13000000,5,29.1492,-877.712,2.56406,0.429184
14000000,4,25.0835,-877.226,2.1559,0.446537
15000000,3,22.6105,-885.194,1.93312,0.421642
16000000,6,36.2052,-880.516,4.60318,0.444844
17000000,3,23.3489,-883.349,0.900493,0.446032
18000000,5,29.9057,-879.619,2.24934,0.426894
19000000,3,19.2405,-887.614,1.8091,0.416424
20000000,6,34.2842,-877.236,4.74909,0.376624
21000000,2,16.8769,-891.07,2.07747,0.461377
22000000,1,11.2975,-899.207,1.17124,0.455798
23000000,6,38.5817,-878.389,3.94983,0.440653
24000000,3,20.5483,-882.828,1.31875,0.440288
25000000,2,18.1105,-885.134,0.699598,0.443432
26000000,5,28.1828,-896.95,1.68254,0.394679
27000000,6,38.0008,-881.708,2.83878,0.456317
28000000,7,37.8433,-879.269,4.33136,0.432518
29000000,2,14.8569,-885,1.30702,0.463944
30000000,1,8.70598,-894.107,0.791544,0.428252
31000000,5,31.747,-876.346,2.44949,0.40434
32000000,3,24.3611,-874.799,0.551766,0.459546
33000000,2,17.7207,-885.758,0.342865,0.40624
34000000,2,16.723,-887.119,1.02274,0.448713
35000000,6,33.4604,-887.61,5.51593,0.456458
36000000,2,16.6576,-889.662,1.91541,0.426336
37000000,5,31.458,-874.116,4.03642,0.449094
38000000,4,26.3059,-878.575,2.34697,0.444545
39000000,5,31.7169,-886.221,1.22391,0.445371
40000000,3,17.8384,-880.995,2.94626,0.455846
41000000,5,27.5926,-877.153,2.87922,0.434324
42000000,2,15.1234,-888.693,2.44111,0.435961
43000000,3,21.1442,-872.011,0.742415,0.437093
44000000,6,30.4316,-882.141,2.13991,0.4468
45000000,7,37.2069,-874.084,1.51304,0.40068
46000000,2,15.5607,-887.049,2.45553,0.422225
47000000,4,26.0795,-876.805,1.02831,0.432131
48000000,5,25.6127,-878.857,4.34213,0.459076
49000000,7,38.7805,-873.916,4.04742,0.44799
50000000,7,36.061,-872.188,4.68977,0.431618
51000000,5,29.4677,-875.115,4.15699,0.453986
52000000,4,24.2757,-889.278,1.32364,0.392402
53000000,0,6.04502,-903.386,0.145968,0.418191
54000000,4,23.452,-873.438,3.6903,0.408563
55000000,7,38.3574,-867.311,3.78156,0.450095
56000000,3,20.8723,-880.232,2.7996,0.449784
57000000,5,28.7715,-877.82,5.32671,0.423921
58000000,3,21.9926,-876.864,1.48917,0.437418
59000000,1,10.7645,-895.598,0.596684,0.458832
60000000,3,23.4617,-888.098,0.915119,0.386112
61000000,2,15.5526,-892.982,2.14374,0.429146
62000000,6,31.4189,-871.49,7.574,0.460473
63000000,3,17.8695,-879.813,1.63438,0.437124
64000000,4,24.5372,-882.727,1.40106,0.422963
65000000,3,18.3904,-880.062,2.46296,0.435161
66000000,5,29.8732,-874.08,3.80058,0.409104
67000000,4,24.1762,-881.968,0.486693,0.449747
68000000,2,15.5915,-884.313,2.03779,0.437029
69000000,5,33.266,-872.995,2.24077,0.46586
70000000,1,10.4814,-899.928,0.437716,0.411555
71000000,6,32.5593,-868.699,5.38053,0.454903
72000000,4,21.6804,-878.146,5.45436,0.439329
73000000,9,55.1591,-870.65,4.97127,0.41398
74000000,3,19.2264,-884.47,1.98901,0.460448
75000000,1,6.82626,-895.739,2.42128,0.420524
76000000,4,29.0478,-886.976,1.46406,0.433233
77000000,5,34.0783,-878.006,1.19273,0.461489
78000000,4,29.668,-879.743,0.683622,0.452059
79000000,3,22.4087,-878.367,1.24239,0.449427
80000000,3,17.0636,-873.038,1.04443,0.438887
81000000,3,17.6057,-891.515,2.35704,0.432929
82000000,2,14.276,-887.066,1.77657,0.40821
83000000,4,28.1994,-880.945,1.8607,0.444798
84000000,3,20.6299,-890.135,0.835073,0.418144
85000000,4,23.2576,-886.338,4.365,0.446887
86000000,6,34.2519,-881.345,4.63877,0.436729
87000000,6,33.3114,-877.657,4.17871,0.438751
88000000,6,34.5807,-881.246,5.00686,0.461924
89000000,2,17.3026,-894.209,0.785249,0.434738
90000000,4,22.1648,-890.258,1.72805,0.426931
91000000,6,36.6005,-874.885,2.664,0.419518
92000000,4,27.8151,-892.151,0.691227,0.437499
93000000,7,41.5018,-878.132,2.78247,0.459137
94000000,1,10.2455,-894.269,0.775745,0.412416
95000000,3,20.8008,-878.218,1.47246,0.410637
96000000,4,25.1465,-884.26,3.6791,0.442979
97000000,3,20.1772,-881.68,3.68753,0.464031
98000000,6,32.0165,-877.684,5.21837,0.407256
99000000,6,27.9275,-867.84,6.06695,0.454367
100000000,2,13.7526,-883.136,0.686406,0.402745
101000000,7,41.925,-875.471,2.0784,0.430258
102000000,3,19.7184,-875.058,4.05353,0.407952
103000000,4,25.4142,-894.728,1.60821,0.422184
104000000,4,21.1454,-882.755,2.7841,0.420771
105000000,4,27.5689,-879.217,2.42162,0.429247
106000000,3,19.7274,-881.43,1.40791,0.411039
107000000,4,28.0788,-885.298,0.90409,0.428662
108000000,3,20.6214,-894.668,2.46625,0.401944
109000000,2,16.832,-883.574,0.828096,0.439419
110000000,6,31.7185,-881.115,1.9431,0.422472
111000000,4,22.7735,-882.204,2.90647,0.457891
112000000,8,41.3392,-885.573,4.49841,0.398781
113000000,5,30.5327,-884.235,2.4614,0.444349
114000000,1,9.8929,-897.644,1.45598,0.423301
115000000,4,25.0532,-882.211,3.08872,0.457059
116000000,6,32.6169,-873.53,3.14392,0.435673
117000000,4,17.5943,-877.376,1.61005,0.444015
118000000,5,28.2051,-880.867,3.55274,0.441603
119000000,5,31.39,-872.484,2.92521,0.451051
120000000,2,16.7146,-882.631,1.04558,0.417776
121000000,4,21.7815,-871.87,2.90533,0.409355
122000000,3,23.0094,-878.712,0.801508,0.422426
123000000,5,32.2269,-879.107,2.63515,0.46505
124000000,4,21.6309,-881.97,4.20735,0.418625
125000000,5,32.8869,-875.559,2.1266,0.418475
126000000,4,27.9265,-880.166,1.72566,0.462912
127000000,3,21.5728,-886.186,1.082,0.414496
128000000,3,18.5354,-883.247,4.18644,0.437836
129000000,3,18.1478,-882.607,2.19861,0.430267
130000000,4,24.3003,-874.413,1.23046,0.413667
131000000,2,18.2146,-885.492,0.517396,0.463219
132000000,9,46.2501,-876.481,4.94034,0.384935
133000000,5,33.3611,-882.651,1.66644,0.449709
134000000,6,36.5836,-881.789,4.33205,0.415897
135000000,4,25.1439,-873.142,1.74896,0.411131
136000000,4,26.1335,-875.583,2.67747,0.401747
137000000,5,22.8041,-872.735,1.44997,0.433298
138000000,3,19.8179,-876.45,2.87049,0.398026
139000000,5,30.442,-875.642,2.447,0.453458
140000000,7,42.2726,-880.411,2.75939,0.462466
141000000,6,29.8799,-881.168,3.50598,0.464286
142000000,2,10.7326,-880.924,1.95639,0.462394
143000000,2,17.8497,-895.65,0.351477,0.424123
144000000,4,27.4717,-875.735,2.77459,0.435433
145000000,4,26.1747,-881.321,2.49114,0.42082
146000000,4,27.1925,-880.062,2.27583,0.463523
147000000,4,27.7333,-873.464,1.78527,0.412227
148000000,8,45.7797,-874.717,2.78944,0.408125
149000000,8,40.5979,-875.532,2.60111,0.444421
150000000,5,29.199,-879.858,3.09179,0.433709
151000000,3,15.0693,-882.56,3.96004,0.394265
152000000,5,31.5465,-876.393,2.96555,0.441356
153000000,3,22.8702,-879.938,0.896232,0.457437
154000000,4,26.1249,-877.124,2.16913,0.462804
155000000,4,24.6586,-880.318,3.08882,0.444306
156000000,5,25.8294,-882.549,2.54489,0.435553
157000000,6,29.0212,-872.309,3.93093,0.447341
158000000,6,35.3373,-883.498,3.11516,0.458604
159000000,3,18.3885,-872.041,3.13409,0.441765
160000000,2,18.4991,-888.453,0.588523,0.440524
161000000,4,29.0707,-875.459,1.6867,0.438489
162000000,4,23.9837,-881.965,4.77938,0.413366
163000000,4,22.6093,-878.999,3.85042,0.430077
164000000,4,24.449,-872.639,2.41197,0.439176
165000000,4,28.4395,-878.932,1.42942,0.458591
166000000,4,25.9143,-879.359,3.87394,0.426332
167000000,4,22.7583,-871.433,1.64664,0.463623
168000000,5,28.6435,-879.96,3.98998,0.462249
169000000,3,21.7076,-878.305,1.46393,0.415062
170000000,4,25.6274,-877.133,1.39814,0.457607
171000000,2,17.9672,-889.532,0.613284,0.414908
172000000,2,15.8525,-889.413,1.1631,0.420012
173000000,3,23.1579,-875.876,1.15785,0.418976
174000000,4,25.9389,-884.457,1.84989,0.43148
175000000,2,15.8186,-888.638,1.30603,0.453431
176000000,1,7.88768,-900.402,4.14274,0.428347
177000000,2,17.2352,-885.376,0.569176,0.428674
178000000,4,25.1664,-880.499,2.05693,0.444591
179000000,9,49.9185,-879.951,5.04735,0.445584
180000000,6,31.01,-879.133,4.17169,0.441218
181000000,3,18.7424,-888.694,2.32356,0.451847
182000000,3,20.7301,-881.709,2.11771,0.465245
183000000,7,39.5369,-874.353,4.98906,0.461058
184000000,1,10.2155,-897.602,0.479186,0.410428
185000000,2,15.3517,-891.251,3.10244,0.463071
186000000,1,10.6927,-894.761,0.581543,0.428656
187000000,4,23.8367,-876.817,1.1616,0.425535
188000000,5,31.0526,-882.25,2.28221,0.433454
189000000,5,32.8831,-877.144,3.38298,0.441251
190000000,4,27.5957,-879.324,1.42293,0.40504
191000000,3,14.1995,-886.444,4.07098,0.405161
192000000,9,50.9588,-877.12,4.64046,0.463405
193000000,5,28.7265,-883.968,1.71736,0.433506
194000000,3,20.9339,-881.665,1.21783,0.412781
195000000,4,19.0081,-876.629,3.46312,0.450328
196000000,5,30.404,-883.173,3.08126,0.455248
197000000,2,17.2176,-882.765,1.62149,0.458039
198000000,4,24.177,-879.264,2.07888,0.464375
199000000,4,26.6086,-876.938,1.02767,0.421741
200000000,4,29.086,-880.294,0.726495,0.466142
201000000,5,29.3803,-878.928,3.60962,0.415826
202000000,7,37.0409,-867.443,3.15883,0.430899
203000000,3,18.1297,-876.308,1.7517,0.424586
204000000,2,17.9683,-881.68,0.69121,0.464072
205000000,3,18.4748,-886.768,3.4835,0.445299
206000000,7,38.7275,-875.723,4.17398,0.418943
207000000,5,29.5729,-877.011,2.55083,0.447109
208000000,2,16.4977,-884.642,1.04774,0.446001
209000000,4,24.5099,-874.274,4.09446,0.407138
210000000,4,24.0607,-874.849,3.04479,0.408598
211000000,5,31.8928,-872.993,3.20618,0.457068
212000000,4,26.3528,-876.836,1.22735,0.461732
213000000,4,23.244,-878.893,3.18571,0.423513
214000000,7,37.4063,-867.51,3.6773,0.393076
215000000,9,38.7158,-872.464,4.27372,0.45946
216000000,3,19.1477,-878.637,3.07939,0.45569
217000000,3,22.1532,-879.379,0.904113,0.446155
218000000,3,21.2784,-879.611,1.33054,0.42627
219000000,6,35.6977,-875.851,5.10722,0.44155
220000000,5,31.4375,-874.322,4.82697,0.410352
221000000,2,15.579,-886.849,1.88482,0.463883
222000000,3,18.5057,-879.083,2.55464,0.461111
223000000,8,49.9034,-876.874,2.6951,0.432809
224000000,3,21.4431,-883.52,2.39939,0.443199
225000000,3,19.8159,-876.625,3.44175,0.460028
226000000,5,30.6874,-881.519,2.21925,0.447231
227000000,3,20.7892,-894.124,2.87603,0.426244
228000000,4,28.4683,-880.341,1.98097,0.458363
229000000,2,14.5198,-895.126,2.97855,0.443429
230000000,6,39.6124,-880.215,1.54156,0.467511
231000000,7,38.3847,-867.309,5.43376,0.445704
232000000,4,25.5466,-876.042,0.614817,0.442117
233000000,4,25.9939,-874.808,1.89451,0.416784
234000000,4,27.2264,-874.265,2.64635,0.436928
235000000,2,16.0162,-894.584,1.44929,0.442946
236000000,4,24.4399,-877.485,2.86999,0.427951
237000000,5,30.381,-880.92,1.66298,0.454048
238000000,7,42.3174,-875.028,2.96948,0.463212
239000000,4,23.7011,-881.634,3.14141,0.439935
240000000,4,24.9156,-876.417,1.31199,0.462763
241000000,3,20.2164,-888.906,1.14586,0.439974
242000000,4,22.263,-885.242,5.33854,0.438322
243000000,6,34.7293,-875.401,2.86172,0.419026
244000000,1,9.02804,-897.191,2.28882,0.426316
245000000,4,23.3767,-870.477,2.65395,0.41931
246000000,3,18.0212,-881.381,2.23635,0.428558
247000000,9,52.489,-879.458,3.97596,0.434435
248000000,7,39.5316,-870.311,4.70227,0.468129
249000000,7,34.0124,-873.987,5.08386,0.429144
250000000,5,29.2518,-881.577,5.04593,0.412199
251000000,5,29.3447,-881.492,3.52288,0.462069
252000000,2,17.1201,-883.956,1.94481,0.448174
253000000,2,12.1481,-888.153,1.5301,0.458369
254000000,5,28.9401,-873.402,5.32235,0.42432
255000000,3,21.0364,-880.305,1.32543,0.433459
256000000,3,21.44,-880.624,1.21266,0.416007
257000000,5,24.5804,-870.561,4.98945,0.403247
258000000,3,23.0909,-890.544,0.611146,0.384784
259000000,6,35.0554,-879.852,0.898573,0.419915
260000000,3,21.477,-872.123,1.03115,0.46317
261000000,4,28.3099,-874.007,2.42865,0.45008
262000000,6,34.9115,-877.443,2.67423,0.450668
263000000,3,22.0233,-884.174,0.5334,0.405822
264000000,4,24.686,-884.236,3.4918,0.426874
265000000,4,24.4538,-881.551,3.42962,0.461143
266000000,2,15.2886,-881.205,0.459265,0.461633
267000000,3,17.8673,-878.731,2.04808,0.446632
268000000,2,15.2042,-889.217,2.10114,0.4172
269000000,3,14.4286,-888.165,2.43594,0.435991
270000000,7,36.306,-870.942,4.94433,0.407873
271000000,3,17.9361,-876.887,2.21535,0.437951
272000000,3,22.8825,-877.972,0.318564,0.440613
273000000,3,20.5242,-880.225,3.96678,0.409093
274000000,5,30.3739,-873.157,3.70032,0.463357
275000000,4,27.803,-883.977,0.992509,0.454496
276000000,2,17.6261,-883.083,0.892266,0.433262
277000000,5,27.9622,-880.066,3.56146,0.447202
278000000,3,20.0083,-885.468,1.99755,0.464029
279000000,6,32.2323,-881.163,4.92931,0.46313
280000000,7,40.0082,-877.562,3.94325,0.436389
281000000,1,11.1412,-894.985,0.69667,0.460866
282000000,4,24.7093,-879.471,2.97923,0.438731
283000000,4,21.6543,-889.048,2.52699,0.46256
284000000,4,19.8694,-873.437,2.15443,0.437639
285000000,4,25.9719,-881.16,2.53604,0.419955
286000000,3,22.9819,-888.975,1.98334,0.462807
287000000,3,21.0939,-876.856,2.61243,0.430052
288000000,4,24.0045,-884.231,1.20403,0.464318
289000000,5,29.199,-878.486,1.23219,0.437625
290000000,4,16.1435,-888.306,2.88323,0.41355
291000000,1,7.31874,-898.182,1.64033,0.406486
292000000,3,16.6273,-872.753,0.313493,0.408378
293000000,5,28.7999,-885.209,3.93379,0.455879
294000000,8,43.4122,-876.323,5.54831,0.459444
295000000,5,33.3248,-880.852,2.67438,0.400491
296000000,3,18.3343,-872.901,0.938007,0.445776
297000000,4,25.1694,-871.098,1.69095,0.424329
298000000,9,50.929,-876.881,3.19677,0.423393
299000000,3,20.1165,-883.093,2.34969,0.443836
300000000,3,20.6154,-880.612,2.50867,0.434429
301000000,3,21.9909,-882.142,2.65445,0.457363
302000000,7,38.7499,-874.269,6.09464,0.439281
303000000,4,23.8716,-875.376,0.707586,0.457907
304000000,1,12.0442,-896.283,0.159982,0.426042
305000000,3,19.2963,-879.972,3.8913,0.458488
306000000,3,19.3317,-888.566,0.877744,0.457771
307000000,3,19.912,-871.728,2.52778,0.406649
308000000,7,36.3514,-871.284,6.54294,0.429182
309000000,4,26.4308,-895.44,3.81951,0.389612
310000000,7,39.0629,-877.2,4.72939,0.452407
311000000,3,17.8972,-876.683,3.02187,0.441396
312000000,3,22.0968,-875.512,1.10665,0.455195
313000000,8,43.5367,-874.014,2.93311,0.404118
314000000,2,14.5799,-887.898,1.67697,0.430154
315000000,3,22.5738,-876.825,2.18634,0.406224
316000000,4,27.0312,-880.393,3.25124,0.46539
317000000,4,22.5384,-877.395,5.5775,0.442582
318000000,2,13.12,-895.677,1.11971,0.436738
319000000,3,21.4156,-879.966,1.39192,0.444014
320000000,2,14.5634,-886.972,1.94647,0.43157
321000000,5,30.3129,-880.756,1.1816,0.447746
322000000,4,23.6069,-879.974,2.20785,0.426276
323000000,6,26.2062,-879.345,3.84034,0.426597
324000000,2,17.5106,-893.99,0.32728,0.389006
325000000,1,9.85062,-895.621,2.15745,0.417157
326000000,2,17.4592,-893.006,0.563352,0.420778
327000000,4,20.9094,-878.497,2.68703,0.468436
328000000,7,36.4445,-878.835,5.36123,0.443876
329000000,5,30.6773,-879.552,4.22418,0.444837
330000000,3,21.8333,-875.062,1.13065,0.443733
331000000,7,40.7794,-878.594,4.19023,0.432256
332000000,3,20.1672,-882.94,2.89234,0.438153
333000000,6,34.3542,-883.926,2.35518,0.45575
334000000,7,39.4936,-879.525,4.95353,0.390274
335000000,1,11.8704,-892.422,0.64176,0.427269
336000000,6,30.9994,-877.577,2.36628,0.409211
337000000,5,29.4184,-879.118,4.08872,0.425187
338000000,1,7.49374,-896.775,1.94759,0.425667
339000000,2,15.0809,-887.601,3.77311,0.436488
340000000,7,34.4873,-873.539,4.8165,0.412232
341000000,7,33.0505,-878.292,8.67521,0.453806
342000000,5,32.3456,-875.246,2.18096,0.451148
343000000,3,20.336,-888.655,3.47854,0.43148
344000000,4,25.6841,-877.152,2.01322,0.434028
345000000,1,10.9937,-895.518,0.739559,0.444098
346000000,6,31.227,-885.69,2.07829,0.397032
347000000,2,16.2705,-888.075,0.80798,0.417284
348000000,4,25.9323,-876.582,3.59904,0.449993
349000000,5,22.8076,-872.066,4.49181,0.445019
350000000,2,16.6876,-888.256,0.317497,0.422443
351000000,3,16.1401,-877.325,3.17057,0.434302
352000000,7,44.5756,-870.289,2.92051,0.432159
353000000,3,19.8973,-878.918,3.22442,0.456491
354000000,3,22.1254,-874.067,0.50682,0.395628
355000000,5,26.0052,-872.591,3.33136,0.425983
356000000,4,24.204,-870.088,1.8853,0.445234
357000000,5,28.3923,-885.761,4.39497,0.44024
358000000,3,21.8721,-878.024,1.3958,0.448532
359000000,2,13.9954,-885.904,3.26943,0.460145
360000000,3,21.2988,-885.096,0.88189,0.435499
361000000,5,28.0232,-874.124,3.95265,0.437681
362000000,2,14.2888,-882.243,1.87865,0.432126
363000000,7,36.6327,-872.403,3.82149,0.434323
364000000,2,18.0373,-885.821,1.45848,0.428981
365000000,8,44.3552,-874.617,3.18065,0.456445
366000000,1,12.3944,-894.848,0.252248,0.444192
367000000,7,39.3337,-871.661,6.49964,0.430743
368000000,4,26.103,-881.277,2.12142,0.413585
369000000,2,15.6283,-886.558,0.95403,0.439947
370000000,4,23.4863,-877.732,4.12956,0.427156
371000000,2,15.5986,-884.882,2.25404,0.430016
372000000,4,25.7766,-877.159,3.86444,0.447182
373000000,4,24.8811,-873.951,3.13218,0.452172
374000000,5,28.9812,-881.094,2.2968,0.458549
375000000,6,34.4239,-878.008,3.96947,0.388636
376000000,4,24.3483,-877.113,4.96903,0.446709
377000000,2,17.1631,-895.995,0.464723,0.444176
378000000,1,10.5839,-893.427,2.32363,0.384425
379000000,2,16.2554,-888.809,0.887759,0.453456
380000000,5,28.8761,-876.891,2.79846,0.428067
381000000,4,26.2694,-873.641,2.24297,0.465512
382000000,1,8.39237,-894.759,0.131161,0.39417
383000000,5,29.6068,-879.461,3.09013,0.441845
384000000,2,17.4045,-889.388,0.763934,0.42279
385000000,3,22.6012,-884.508,1.17994,0.42635
386000000,2,15.3995,-885.983,1.08791,0.441004
387000000,1,10.5068,-899.159,2.08472,0.421615
388000000,3,23.7451,-878.576,1.13563,0.463265
389000000,4,24.6143,-882.681,3.47075,0.437072
390000000,4,18.886,-876.836,1.09502,0.43797
391000000,4,26.4411,-879.372,3.06923,0.416368
392000000,4,23.648,-880.433,4.27095,0.461165
393000000,4,26.8113,-880.646,3.21628,0.427839
394000000,4,26.3355,-885.891,1.49779,0.462066
395000000,4,22.562,-877.966,2.42066,0.4533
396000000,8,41.9173,-875.859,5.18431,0.438277
397000000,5,23.1417,-879.555,2.64071,0.441183
398000000,3,22.1582,-882.332,0.993725,0.462367
399000000,3,18.9308,-875.991,1.42414,0.42878
400000000,5,25.8937,-879.478,2.05708,0.429541
401000000,6,29.3574,-880.674,2.66242,0.4464
402000000,4,23.1827,-869.193,2.878,0.393387
403000000,4,27.5155,-878.333,1.2257,0.407791
404000000,6,36.7355,-876.256,2.79745,0.433926
405000000,4,24.1893,-886.054,2.1219,0.449377
406000000,11,52.1611,-865.129,6.20852,0.459348
407000000,3,23.3981,-879.913,0.241739,0.463845
408000000,3,21.1276,-880.759,0.366584,0.418171
409000000,4,21.8551,-875.818,6.55839,0.425322
410000000,5,27.0902,-883.684,4.9393,0.4573
411000000,2,14.2594,-892.658,1.29446,0.414226
412000000,4,26.1853,-884.423,1.28881,0.419587
413000000,4,25.2059,-884.184,2.10076,0.431996
414000000,4,25.1713,-877.737,0.941444,0.420579
415000000,7,41.1767,-880.845,3.83355,0.459182
416000000,4,23.8124,-880.425,2.70535,0.422604
417000000,1,10.4752,-900.174,0.590427,0.402429
418000000,4,22.8877,-877.162,2.81192,0.442348
419000000,9,54.7496,-873.387,5.10334,0.457813
420000000,4,20.0668,-885.376,4.31608,0.422971
421000000,7,38.2621,-873.388,4.77131,0.397208
422000000,5,31.4852,-877.74,2.62043,0.398296
423000000,5,30.9924,-877.146,3.16534,0.456191
424000000,4,26.1918,-880.336,1.37406,0.388759
425000000,5,30.8014,-876.96,5.00877,0.4233
426000000,4,29.8945,-880.321,1.25222,0.435727
427000000,3,17.6323,-874.951,0.827467,0.437653
428000000,6,32.5291,-880.097,6.28103,0.435541
429000000,3,19.8272,-878.914,2.29105,0.445709
430000000,4,25.6411,-875.971,3.85097,0.435477
431000000,2,16.3284,-890.018,1.04042,0.465262
432000000,3,18.4823,-880.836,3.4298,0.420266
433000000,3,19.3028,-880.31,4.60958,0.43041
434000000,8,38.476,-880.347,7.81464,0.432189
435000000,4,26.6002,-884.446,2.78364,0.438357
436000000,5,27.0585,-884.444,3.82686,0.431259
437000000,2,16.8179,-886.238,2.24521,0.450322
438000000,2,15.6102,-880.878,1.06535,0.43954
439000000,3,18.8888,-876.238,1.42775,0.430463
440000000,4,24.185,-881.097,4.60981,0.446132
441000000,3,23.7216,-880.295,0.436084,0.408672
442000000,3,21.9505,-876.507,1.15667,0.464552
443000000,3,15.7745,-875.006,1.2366,0.415213
444000000,4,23.2992,-879.997,1.82267,0.431399
445000000,5,29.6229,-888.105,3.70533,0.432992
446000000,2,16.7566,-889.342,0.890508,0.459829
447000000,4,22.3765,-884.95,2.91915,0.4427
448000000,8,43.3708,-871.795,5.49947,0.433005
449000000,4,27.5559,-880.362,1.43931,0.449672
450000000,1,9.01181,-897.41,1.86177,0.421353
451000000,4,25.9177,-872.426,0.578726,0.456569
452000000,3,22.407,-886.914,2.39309,0.456031
453000000,3,20.3364,-881.408,1.54307,0.443619
454000000,5,30.937,-875.788,3.12895,0.417832
455000000,3,17.9577,-874.862,1.06434,0.460643
456000000,3,16.7346,-872.268,1.40577,0.432165
457000000,3,17.8601,-877.188,1.04346,0.424548
458000000,4,27.9258,-890.601,1.89055,0.420853
459000000,2,12.5356,-893.649,1.47783,0.436149
460000000,5,23.7745,-870.986,2.91523,0.444214
461000000,3,16.3896,-874.584,2.60239,0.458034
462000000,4,24.4935,-873.591,4.20543,0.426109
463000000,5,31.9531,-880.88,2.73632,0.421279
464000000,3,20.887,-883.381,2.36426,0.444392
465000000,3,20.1703,-878.601,0.790029,0.434371
466000000,1,9.61792,-898.056,2.53941,0.420903
467000000,6,27.1764,-872.866,2.19444,0.440049
468000000,4,25.3494,-879.355,2.90904,0.438834
469000000,3,23.0014,-878.052,1.71496,0.454676
470000000,4,26.967,-875.872,1.808,0.438101
471000000,6,33.6908,-874.725,7.65529,0.396536
472000000,4,24.9913,-877.037,2.16456,0.427577
473000000,3,21.9705,-877.334,1.81393,0.420547
474000000,7,42.431,-872.183,3.30448,0.443664
475000000,3,22.0155,-878.796,1.61131,0.456974
476000000,2,16.0746,-888.943,0.901774,0.44987
477000000,4,14.9395,-886.839,4.1008,0.459772
478000000,7,40.4081,-878.197,4.81294,0.451295
479000000,3,18.8401,-875.642,0.628143,0.424695
480000000,5,25.4682,-874.93,4.23448,0.465316
481000000,2,16.4226,-883.819,2.19457,0.434245
482000000,6,37.6049,-872.354,2.01116,0.454466
483000000,4,26.756,-878.651,2.38356,0.457672
484000000,5,29.1332,-884.447,3.40201,0.45881
485000000,4,28.3526,-878.079,1.33343,0.436595
486000000,6,34.9082,-879.46,4.75989,0.397532
487000000,5,26.0951,-873.759,3.36986,0.455621
488000000,4,29.7277,-873.791,0.689031,0.443563
489000000,6,30.8863,-881.757,4.14749,0.458162
490000000,5,30.36,-876.089,1.64526,0.4465
491000000,1,10.279,-895.1,2.73047,0.427702
492000000,4,26.1351,-895.602,2.71828,0.438123
493000000,3,22.6889,-881.202,2.26916,0.414917
494000000,5,26.1168,-882.473,4.22197,0.397381
495000000,6,37.0487,-881.616,2.50765,0.408381
496000000,5,33.8135,-884.206,2.74506,0.458603
497000000,2,16.8836,-888.279,0.754177,0.428468
498000000,3,21.0792,-878.13,2.21124,0.396842
499000000,4,25.7573,-881.612,2.55909,0.435331
500000000,6,38.1724,-873.242,2.45435,0.463625
501000000,3,19.811,-877.766,1.90884,0.437704
502000000,4,25.351,-888.952,2.93003,0.442717
503000000,1,10.9901,-894.304,0.610642,0.457213
504000000,4,25.4577,-876.548,1.69569,0.440513
505000000,2,14.6141,-886.983,2.28449,0.413432
506000000,3,22.311,-879.011,1.78215,0.425658
507000000,6,36.4333,-878.726,1.85019,0.442546
508000000,4,21.8804,-885.934,1.8756,0.412867
509000000,5,30.6259,-874.683,0.696269,0.439935
510000000,3,17.9577,-882.19,1.51456,0.440676
511000000,3,23.3257,-887.862,0.490933,0.398774
512000000,5,30.3334,-899.824,1.98027,0.421938
513000000,2,16.2814,-889.045,1.34873,0.452493
514000000,5,31.8894,-876.274,2.63017,0.421263
515000000,3,19.604,-886.588,1.69785,0.437702
516000000,6,33.3831,-872.487,2.32814,0.461425
517000000,5,27.8831,-876.138,2.2854,0.434725
518000000,7,32.8489,-873.278,3.39616,0.411282
519000000,2,11.237,-883.55,2.62735,0.416234
520000000,7,40.8732,-874.527,3.67482,0.462464
521000000,8,39.7471,-883.848,5.60002,0.463524
522000000,4,28.5027,-879.803,2.02984,0.447892
523000000,1,11.049,-895.204,0.401838,0.415484
524000000,4,26.0206,-876.263,1.90933,0.435511
525000000,5,27.8736,-874.012,4.62246,0.416675
526000000,3,20.9727,-882.571,1.43696,0.45357
527000000,8,45.2321,-890.623,3.11355,0.445354
528000000,6,30.6185,-875.641,6.42213,0.396074
529000000,6,37.7913,-875.095,2.66028,0.462481
530000000,2,15.3233,-879.636,1.58234,0.423545
531000000,3,23.657,-875.581,1.35347,0.433373
532000000,3,21.0808,-882.413,2.28659,0.443618
533000000,2,17.9845,-886.264,0.73715,0.441372
534000000,4,26.4609,-874.627,1.87468,0.442474
535000000,2,16.6256,-886.927,1.2022,0.440371
536000000,3,20.7204,-884.903,1.08212,0.436099
537000000,5,32.91,-873.902,3.11121,0.430973
538000000,3,21.7537,-877.81,3.1501,0.415194
539000000,5,30.6656,-889.144,1.85522,0.416133
540000000,6,37.9035,-883.754,4.83651,0.407013
541000000,7,46.0878,-882.153,2.0356,0.458403
542000000,5,26.2657,-874.795,6.75648,0.411313
543000000,3,21.0018,-879.032,1.06833,0.428867
544000000,2,18.4672,-886.796,0.301645,0.435729
545000000,4,22.5069,-880.007,3.5528,0.461021
546000000,8,46.9744,-874.717,7.13782,0.426295
547000000,3,22.2424,-878.762,0.691095,0.423838
548000000,3,14.8902,-886.876,2.76986,0.430455
549000000,5,30.8043,-874.193,2.1281,0.44146
550000000,1,10.7855,-894.123,1.1771,0.425618
551000000,7,42.5486,-882.262,2.43766,0.435531
552000000,5,33.2892,-884.872,0.697195,0.462809
553000000,3,21.7124,-880.427,1.65432,0.417708
554000000,3,21.2042,-873.642,2.22494,0.42633
555000000,3,19.4494,-874.58,3.04234,0.388422
556000000,7,34.6239,-876.228,3.06033,0.417994
557000000,5,33.3868,-878.202,3.24521,0.454695
558000000,5,30.8382,-883.333,0.801337,0.422099
559000000,4,24.2971,-874.775,3.94252,0.43163
560000000,10,57.697,-881.751,6.50857,0.442826
561000000,6,35.7268,-874.382,4.32946,0.418328
562000000,7,43.1373,-876.962,3.88393,0.428468
563000000,3,23.2864,-877.92,1.57537,0.441041
564000000,3,21.3482,-881.19,3.0217,0.438157
565000000,4,18.9066,-893.372,2.52874,0.404924
566000000,4,23.8215,-873.909,1.41391,0.414287
567000000,6,39.0191,-872.514,1.49358,0.406266
568000000,3,23.0327,-879.344,1.24984,0.42187
569000000,4,25.0557,-876.887,1.98299,0.458654
570000000,7,34.8411,-873.079,6.20614,0.448696
571000000,5,27.5484,-878.961,3.86869,0.459035
572000000,4,25.7251,-872.075,1.35928,0.442256
573000000,6,35.3273,-877.497,5.15678,0.456425
574000000,4,25.7485,-881.054,2.41073,0.436339
575000000,4,25.6947,-879.711,1.69488,0.440495
576000000,5,28.3656,-874.538,2.74635,0.457747
577000000,4,24.1408,-876.817,4.63637,0.400557
578000000,3,15.9119,-886.234,2.87272,0.446618
579000000,3,21.9989,-895.383,2.55759,0.431107
580000000,3,20.0744,-875.575,0.618027,0.445214
581000000,4,24.5488,-876.018,2.88699,0.370917
582000000,2,17.6628,-887.793,0.365572,0.422273
583000000,3,18.5468,-882.378,2.71254,0.454461
584000000,3,18.9309,-884.798,1.62574,0.412778
585000000,4,21.9925,-879.864,3.33166,0.428209
586000000,3,20.2963,-878.84,1.8883,0.435836
587000000,7,38.7885,-875.232,1.40856,0.406767
588000000,6,34.4684,-892.125,3.04452,0.443812
589000000,5,32.5854,-880.804,1.35247,0.447846
590000000,5,31.2232,-890.199,3.82029,0.460948
591000000,3,20.5164,-879.67,2.35747,0.445176
592000000,4,24.1093,-879.634,2.14966,0.428897
593000000,7,40.4964,-882.003,2.83847,0.456292
594000000,2,14.386,-884.067,2.25595,0.411634
595000000,2,15.1196,-888.995,0.351473,0.432651
596000000,3,20.9962,-878.432,1.67975,0.440208
597000000,3,20.2811,-887.203,1.10011,0.453826
598000000,3,20.5916,-879.29,1.68543,0.42557
599000000,1,10.9159,-897.726,0.493975,0.432103
600000000,3,21.338,-887.825,2.58225,0.438453
601000000,5,26.1822,-876.781,2.44674,0.428737
602000000,6,34.8738,-890.845,4.18636,0.45226
603000000,4,26.5342,-876.957,1.92988,0.453438
604000000,3,22.1588,-881.653,1.96053,0.415905
605000000,3,20.8847,-888.491,2.09249,0.462072
606000000,8,41.376,-876.658,4.36531,0.433067
607000000,5,26.9076,-882.237,4.43921,0.425781
608000000,2,12.6867,-895.603,2.24784,0.419281
609000000,4,23.8339,-874.963,2.8357,0.41313
610000000,3,19.6132,-879.157,1.69678,0.437975
611000000,6,25.9839,-867.814,5.66711,0.4531
612000000,3,19.3563,-878.368,1.40719,0.44017
613000000,1,12.1514,-893.178,0.84363,0.448803
614000000,3,22.0263,-881.241,0.578619,0.453683
615000000,4,22.8213,-877.339,2.45823,0.431557
616000000,4,26.2804,-878.579,2.18984,0.426588
617000000,2,13.6041,-891.552,1.19585,0.420635
618000000,3,18.6652,-891.663,2.24844,0.440259
619000000,2,15.7733,-891.64,1.29167,0.421247
620000000,3,20.7938,-883.192,1.57335,0.448736
621000000,5,31.141,-880.393,2.19236,0.433416
622000000,4,22.1984,-877.897,2.29935,0.428068
623000000,4,23.7068,-878.742,2.26034,0.428274
624000000,2,13.7326,-887.552,1.49184,0.439717
625000000,8,38.9024,-872.736,4.42868,0.459253
626000000,3,21.7721,-880.512,1.7043,0.427529
627000000,5,26.7785,-875.28,1.93317,0.415647
628000000,4,19.6116,-875.347,1.38871,0.44397
629000000,5,28.5258,-877.593,4.14945,0.401852
630000000,6,35.7199,-877.061,1.88084,0.405843
631000000,4,24.4555,-882.911,2.58239,0.445128
632000000,4,25.8638,-876.66,2.14479,0.415819
633000000,4,25.808,-877.125,2.41203,0.430362
634000000,6,30.4617,-878.958,4.48003,0.462508
635000000,3,21.4295,-890.822,1.39908,0.411534
636000000,5,25.7578,-873.376,2.22839,0.466196
637000000,4,26.072,-892.726,1.89144,0.439794
638000000,7,32.2933,-876.069,3.60523,0.456762
639000000,3,21.1963,-877.502,2.40201,0.460884
640000000,4,24.1166,-876.657,3.68126,0.436983
641000000,2,16.9354,-883.225,1.15759,0.439966
642000000,3,17.6796,-884.335,2.63387,0.411171
643000000,2,13.9443,-889.396,1.66901,0.43612
644000000,3,18.974,-878.756,2.83843,0.431884
645000000,2,15.9574,-885.714,2.49383,0.451154
646000000,9,43.9086,-873.113,4.28512,0.430964
647000000,4,25.676,-879.097,2.54139,0.432141
648000000,4,23.5441,-882.451,5.21996,0.443922
649000000,4,27.2878,-879.024,3.38,0.409659
650000000,3,20.9789,-882.725,0.570224,0.448631
651000000,1,10.7492,-893.696,1.96878,0.443598
652000000,3,20.5731,-884.007,1.27339,0.428747
653000000,3,22.2386,-882.935,0.992907,0.429047
654000000,4,29.9199,-878.158,1.15816,0.425947
655000000,4,25.4517,-883.524,3.31396,0.451089
656000000,4,27.8543,-878.362,1.27014,0.450526
657000000,5,30.7908,-882.814,2.20417,0.455774
658000000,4,29.42,-880.507,1.17963,0.439655
659000000,5,34.1763,-887.001,1.55742,0.421776
660000000,4,23.8709,-876.725,2.94679,0.43808
661000000,5,27.4721,-884.12,3.40147,0.456963
662000000,1,12.7219,-892.707,0.059144,0.454157
663000000,5,33.1178,-883.481,1.98019,0.42097
664000000,5,30.5416,-869.075,2.77464,0.420719
665000000,5,30.6857,-878.986,2.83133,0.434775
666000000,4,27.6899,-878.567,1.04648,0.413464
667000000,3,20.9551,-882.12,1.52963,0.452406
668000000,1,10.5415,-894.837,1.69487,0.431794
669000000,3,24.2352,-881.496,0.876284,0.422292
670000000,5,32.6279,-878.614,2.06958,0.446238
671000000,3,21.5839,-879.747,0.889279,0.445137
672000000,5,33.6242,-874.811,2.67149,0.420892
673000000,3,21.7886,-883.242,2.15365,0.440486
674000000,6,29.2608,-885.751,4.37588,0.457513
675000000,8,47.3026,-879.716,3.09121,0.451416
676000000,8,43.4806,-866.182,6.45628,0.438056
677000000,4,25.1913,-875.875,1.40422,0.455892
678000000,4,28.116,-873.975,1.79512,0.428066
679000000,7,40.2991,-882.194,3.09417,0.439619
680000000,1,11.3369,-895.537,0.663467,0.44196
681000000,9,42.8808,-879.601,3.32553,0.437531
682000000,3,18.9748,-876.973,1.90858,0.461644
683000000,4,26.7833,-881.576,1.10167,0.437412
684000000,4,26.0034,-873.296,1.72831,0.415219
685000000,4,28.4657,-876.167,1.34952,0.444508
686000000,4,21.6915,-883.812,1.15004,0.440773
687000000,5,25.3415,-870.777,3.32198,0.43203
688000000,5,30.5134,-880.126,3.33457,0.436242
689000000,7,36.8673,-890.6,4.42741,0.397479
690000000,3,21.5886,-882.931,1.88671,0.462993
691000000,5,18.4681,-869.997,2.85872,0.438994
692000000,3,16.5301,-874.055,4.0735,0.421673
693000000,4,26.2256,-874.93,2.90772,0.437599
694000000,7,39.1496,-891.9,3.6386,0.44249
695000000,6,35.3885,-880.456,1.91201,0.457247
696000000,4,23.8995,-879.986,1.95375,0.451151
697000000,4,26.6177,-873.304,1.55307,0.435034
698000000,4,23.9632,-877.698,3.26005,0.461748
699000000,2,14.7858,-887.508,3.43953,0.439511
700000000,5,33.7016,-874.085,3.3922,0.412447
701000000,4,21.1099,-880.837,3.29047,0.426764
702000000,4,24.4919,-877.547,2.24598,0.430358
703000000,4,27.0849,-882.052,2.61085,0.427265
704000000,4,24.0018,-880.15,2.9996,0.451672
705000000,6,34.4799,-873.594,3.22525,0.428362
706000000,5,26.7261,-884.331,3.18961,0.399849
707000000,5,28.9129,-879.034,3.92932,0.442601
708000000,3,20.1498,-877.741,1.84652,0.444689
709000000,5,24.3617,-876.328,3.40444,0.444779
710000000,5,28.2435,-877.427,3.23853,0.460399
711000000,5,23.5985,-875.286,4.28294,0.459357
712000000,3,12.7713,-872.094,5.85422,0.460432
713000000,3,18.2136,-885.099,1.57347,0.404591
714000000,2,16.8731,-883.166,1.78091,0.437947
715000000,5,32.8848,-879.569,2.31071,0.428844
716000000,3,21.0632,-877.333,2.17579,0.438171
717000000,3,20.8957,-882.671,2.28207,0.404012
718000000,4,29.4937,-876.877,0.664517,0.445952
719000000,5,26.5065,-875.804,4.24781,0.437868
720000000,7,38.8801,-878.272,3.54496,0.415693
721000000,4,24.2045,-878.297,3.40029,0.426727
722000000,6,35.8192,-885.506,2.48279,0.431167
723000000,2,15.9452,-891.29,2.05919,0.444037
724000000,2,17.0574,-893.136,1.1202,0.453989
725000000,4,25.6316,-869.35,2.31704,0.465143
726000000,3,22.7715,-880.129,0.934751,0.438288
727000000,4,26.9539,-882.125,3.04315,0.460218
728000000,8,42.7205,-868.024,2.32697,0.449274
729000000,5,26.9195,-874.364,3.60755,0.449109
730000000,2,14.6473,-892.749,2.26883,0.4434
731000000,5,25.8028,-873.53,4.1603,0.440072
732000000,4,27.3016,-882.797,2.16356,0.459149
733000000,3,18.4559,-880.64,2.70872,0.453833
734000000,3,17.1116,-875.804,1.11883,0.431966
735000000,3,19.8907,-893.59,1.66422,0.422967
736000000,5,25.9569,-874.73,3.19579,0.46071
737000000,4,23.825,-881.878,3.43793,0.459007
738000000,6,37.2632,-876.474,3.48072,0.408843
739000000,3,21.0939,-884.298,1.57666,0.418459
740000000,7,35.1923,-887.761,7.08972,0.440651
741000000,3,23.6769,-877.482,1.5882,0.459974
742000000,5,27.9177,-878.316,2.85656,0.456055
743000000,2,16.566,-885.044,1.0124,0.452868
744000000,3,23.4146,-875.792,1.46822,0.43058
745000000,3,22.9745,-884.723,1.23238,0.468941
746000000,3,22.3458,-882.796,1.11287,0.415732
747000000,3,20.6929,-878.406,2.73123,0.427714
748000000,3,21.1746,-878.869,1.10945,0.399467
749000000,4,24.7186,-884.807,4.63837,0.418899
750000000,3,21.1146,-881.554,0.495632,0.447716
751000000,4,24.8262,-877.458,1.88888,0.424181
752000000,9,46.5719,-880.41,4.11585,0.445429
753000000,6,30.9505,-877.297,6.89641,0.451155
754000000,1,11.4399,-892.717,1.7379,0.419914
755000000,8,37.0786,-888.624,4.86181,0.43216
756000000,3,21.1191,-886.998,3.22639,0.443487
757000000,7,41.9071,-876.825,3.01404,0.447111
758000000,4,23.9913,-876.462,3.20944,0.430252
759000000,8,44.5736,-877.425,5.2948,0.447928
760000000,4,21.0023,-878.512,3.59694,0.455856
761000000,5,28.4234,-878.502,2.688,0.446849
762000000,2,16.9157,-886.947,0.998187,0.44161
763000000,4,24.2067,-870.529,2.45618,0.455007
764000000,3,21.2316,-873.867,1.87345,0.441985
765000000,3,22.1806,-878.468,1.20406,0.446307
766000000,4,27.8173,-877.359,0.635731,0.458267
767000000,1,12.3656,-892.832,0.717113,0.424216
768000000,1,11.6871,-893.827,1.40099,0.407623
769000000,3,21.5386,-879.214,3.33067,0.457751
770000000,3,19.0516,-882.406,1.44827,0.441703
771000000,4,21.0181,-885.688,3.69951,0.412147
772000000,4,27.4259,-878.137,2.12352,0.451952
773000000,5,32.9316,-872.538,1.10538,0.397002
774000000,3,22.253,-876.341,2.22265,0.455987
775000000,4,20.4982,-881.751,4.21704,0.454327
776000000,3,22.6716,-885.348,1.44265,0.42238
777000000,4,27.2281,-878.684,2.93682,0.461649
778000000,4,21.9235,-882.49,4.05386,0.433952
779000000,3,22.6021,-876.744,1.43598,0.424827
780000000,4,26.2247,-879.221,1.95931,0.457765
781000000,7,44.7124,-879.357,2.01234,0.43158
782000000,1,10.7603,-896.014,1.24666,0.443321
783000000,5,35.4288,-884.639,1.39335,0.442126
784000000,5,29.1299,-879.968,3.24721,0.421479
785000000,6,35.1923,-871.562,2.79896,0.454694
786000000,4,23.5062,-879.523,2.16646,0.442063
787000000,3,21.1365,-881.721,2.80647,0.440309
788000000,3,15.1145,-885.819,4.64097,0.439786
789000000,4,26.1822,-873.095,2.39316,0.445522
790000000,4,23.422,-882.5,3.60822,0.429183
791000000,4,25.4943,-877.053,0.794217,0.428358
792000000,7,38.9809,-868.257,3.67109,0.448072
793000000,4,22.9464,-875.6,1.80526,0.44568
794000000,3,18.3042,-875.554,3.69784,0.41119
795000000,6,32.8709,-872.517,2.55934,0.429218
796000000,5,20.304,-874.574,5.37187,0.457898
797000000,4,27.6164,-876.98,1.86072,0.428334
798000000,1,5.87955,-893.597,3.7368,0.4461
799000000,7,36.9637,-877.037,1.91204,0.400507
800000000,3,19.6524,-877.698,1.47473,0.444263
801000000,5,29.2214,-875.574,5.37515,0.457967
802000000,3,19.367,-879.491,4.11121,0.408341
803000000,5,30.5808,-880.288,2.70475,0.448936
804000000,2,16.7873,-882.56,0.795169,0.459532
805000000,8,47.1518,-875.323,5.16482,0.438838
806000000,4,25.9913,-877.135,2.4411,0.412439
807000000,5,29.6509,-876.529,3.27777,0.400135
808000000,4,23.4428,-877.177,3.08055,0.409998
809000000,3,20.7938,-887.273,1.2624,0.458208
810000000,4,27.16,-883.214,0.934891,0.447064
811000000,3,19.9965,-875.833,2.85864,0.433671
812000000,7,35.2063,-877.12,3.43771,0.407928
813000000,2,16.5871,-887.435,0.797997,0.459025
814000000,6,30.1853,-881.933,5.48762,0.423994
815000000,3,21.1477,-876.806,0.818764,0.465869
816000000,6,37.9373,-879.016,2.95063,0.419511
817000000,4,23.8061,-880.933,2.92843,0.446515
818000000,4,27.1956,-875.946,2.35975,0.44748
819000000,5,21.196,-879.86,4.73117,0.434343
820000000,5,29.9565,-884.048,2.34569,0.459187
821000000,4,22.1158,-879.378,2.44617,0.445148
822000000,4,25.475,-880.948,1.37997,0.420164
823000000,5,30.7468,-880.342,3.15508,0.420463
824000000,2,14.8676,-900.503,0.76315,0.414496
825000000,4,22.4197,-873.922,1.50754,0.416028
826000000,2,12.4202,-895.578,1.72289,0.412463
827000000,4,29.0901,-879.187,1.75849,0.458459
828000000,3,23.7158,-877.789,0.946872,0.413568
829000000,3,23.3816,-890.655,1.45088,0.448078
830000000,4,22.76,-880.843,1.92739,0.390575
831000000,2,16.3042,-888.869,0.757284,0.440846
832000000,7,37.7119,-881.706,3.71357,0.417159
833000000,4,21.7457,-878.068,2.04232,0.445252
834000000,5,28.0722,-878.329,1.63884,0.464177
835000000,4,23.4905,-872.99,2.2568,0.46344
836000000,2,17.2274,-887.221,0.392276,0.439901
837000000,4,25.5395,-878.266,2.76762,0.446325
838000000,5,27.6919,-872.393,3.82392,0.455042
839000000,3,11.3046,-876.181,2.85351,0.457716
840000000,4,27.2676,-878.848,0.815511,0.454771
841000000,6,34.2401,-886.714,3.9527,0.416954
842000000,3,21.0955,-890.824,1.3437,0.445449
843000000,3,17.6598,-872.913,2.9957,0.414024
844000000,3,17.8999,-884.856,1.9407,0.417606
845000000,1,10.058,-898.068,0.27398,0.395415
846000000,4,23.4397,-874.406,2.59048,0.451165
847000000,3,20.3961,-874.252,2.12006,0.437652
848000000,4,27.4754,-878.451,2.25944,0.415644
849000000,4,21.8843,-881.375,1.88331,0.456323
850000000,5,27.8041,-879.235,5.43234,0.460251
851000000,7,35.2094,-878.655,2.92823,0.460336
852000000,3,21.5357,-881.685,1.96363,0.428106
853000000,4,28.7205,-886.576,1.44707,0.420366
854000000,7,37.2193,-884.4,5.33616,0.461571
855000000,3,19.7136,-880.315,2.71516,0.447957
856000000,3,22.3189,-884.276,1.57892,0.450712
857000000,4,25.663,-877.228,1.93757,0.466274
858000000,5,27.3373,-879.046,2.68253,0.455134
859000000,2,16.8453,-885.212,0.47588,0.423286
860000000,3,20.093,-879.358,2.17827,0.430717
861000000,2,14.8156,-891.699,2.21899,0.448117
862000000,2,18.2816,-883.066,0.34008,0.443042
863000000,5,29.7999,-870.63,4.06914,0.4325
864000000,6,36.7651,-880.645,2.95676,0.431603
865000000,5,36.4293,-880.254,1.56335,0.427908
866000000,1,11.0355,-894.143,1.4845,0.412179
867000000,3,21.4243,-883.419,1.72276,0.455545
868000000,4,25.4042,-873.947,0.813115,0.430262
869000000,8,38.7549,-881.297,4.95321,0.415317
870000000,3,22.2535,-885.053,1.63671,0.457239
871000000,2,15.7675,-889.218,2.24085,0.416292
872000000,3,19.7389,-889.998,2.12215,0.437148
873000000,3,19.5442,-879.299,2.44206,0.435495
874000000,4,24.8697,-871.384,2.45719,0.455671
875000000,1,9.96602,-896.648,1.9434,0.408482
876000000,6,37.5246,-882.601,3.57473,0.412589
877000000,3,20.4202,-878.036,1.47702,0.437436
878000000,6,33.077,-881.439,4.52987,0.421381
879000000,5,31.6631,-876.632,2.62744,0.424338
880000000,5,30.2299,-882.476,1.87845,0.423632
881000000,2,13.2542,-886.299,0.890839,0.448209
882000000,8,40.5825,-878.397,4.82346,0.445227
883000000,7,43.0618,-880.394,3.31679,0.451919
884000000,6,37.1739,-881.831,3.44785,0.445674
885000000,4,22.0899,-874.727,3.18078,0.41516
886000000,7,41.9652,-875.6,2.32686,0.423134
887000000,7,41.5907,-872.186,3.51936,0.412407
888000000,3,20.8898,-884.615,1.87954,0.447487
889000000,3,18.7423,-870.052,1.19646,0.436241
890000000,3,20.5788,-874.788,2.13122,0.419974
891000000,3,20.3466,-897.578,2.51125,0.456032
892000000,5,29.7798,-880.312,2.31886,0.414189
893000000,3,20.5981,-878.657,2.57056,0.45606
894000000,4,22.7589,-885.466,2.08286,0.419963
895000000,6,30.6358,-883.495,7.08148,0.443983
896000000,8,45.484,-879.799,4.45609,0.46213
897000000,4,25.7755,-873.549,1.93468,0.43565
898000000,7,44.6591,-874.093,2.1469,0.454696
899000000,3,21.9404,-879.251,2.23346,0.429831
900000000,2,18.826,-895.484,0.352519,0.440883
901000000,2,16.0268,-889.194,1.34751,0.46103
902000000,3,23.5739,-889.241,1.27737,0.438789
903000000,3,16.5355,-880.432,1.77818,0.435319
904000000,3,22.5106,-879.407,1.21217,0.452089
905000000,5,32.5787,-874.713,1.73338,0.439053
906000000,3,23.6359,-879.567,1.07634,0.390944
907000000,3,21.7947,-877.858,1.56605,0.448005
908000000,4,24.8596,-875.765,3.63114,0.432313
909000000,4,24.892,-869.892,2.11731,0.436016
910000000,2,13.1824,-882.533,0.888864,0.407909
911000000,6,37.606,-876.896,2.20456,0.448441
912000000,2,16.3475,-881.939,1.78464,0.430966
913000000,8,45.1899,-883.551,3.47676,0.361039
914000000,3,21.5834,-876.729,2.1928,0.430473
915000000,3,18.3163,-875.571,2.64908,0.445997
916000000,4,25.9149,-872.514,2.31935,0.408958
917000000,5,28.4703,-879.609,2.7651,0.436953
918000000,3,19.3019,-876.685,3.18608,0.459797
919000000,3,18.3768,-884.825,2.3489,0.451753
920000000,6,32.0321,-892.325,4.14264,0.423837
921000000,4,22.4826,-886.161,5.38292,0.40465
922000000,1,12.0723,-892.309,0.162106,0.454689
923000000,4,25.5489,-877.253,3.3961,0.456529
924000000,5,30.1095,-875.916,2.77931,0.429859
925000000,1,11.6393,-893.872,1.09333,0.402288
926000000,6,34.1729,-875.482,2.4336,0.428392
927000000,4,23.827,-871.648,2.17061,0.450196
928000000,4,24.8765,-880.786,3.31208,0.433581
929000000,6,37.1728,-876.199,2.42723,0.428262
930000000,4,26.484,-881.643,3.80634,0.452008
931000000,4,23.9181,-879.854,4.33151,0.4651
932000000,5,30.4383,-881.307,2.13838,0.415865
933000000,5,31.4937,-876.894,3.9468,0.442261
934000000,3,23.0085,-884.315,0.715786,0.415809
935000000,2,16.8104,-883.848,1.83073,0.448108
936000000,5,31.8371,-885.779,1.43713,0.414557
937000000,4,27.4558,-876.433,2.5709,0.448469
938000000,5,22.4702,-880.551,6.67026,0.449719
939000000,3,16.8534,-878.804,2.37616,0.462933
940000000,6,37.2873,-879.8,2.93894,0.427274
941000000,4,25.6596,-879.726,2.77369,0.42075
942000000,5,32.9958,-880.238,2.6712,0.417538
943000000,4,27.3855,-874.386,2.27447,0.433474
944000000,3,18.6691,-887.627,2.3036,0.459688
945000000,5,28.6397,-879.422,2.28321,0.464892
946000000,5,26.3084,-879.143,2.77145,0.433366
947000000,3,22.8445,-879.337,1.27756,0.456668
948000000,5,30.522,-881.185,1.95799,0.428709
949000000,1,10.6571,-894.847,1.76065,0.408722
950000000,6,33.5821,-882.522,3.32431,0.418488
951000000,4,27.8206,-877.788,1.99822,0.434378
952000000,4,26.9791,-880.357,2.50914,0.458599
953000000,3,19.7365,-875.838,0.714434,0.435223
954000000,4,22.6833,-872.92,4.37689,0.461469
955000000,1,11.7471,-894.243,1.16259,0.458037
956000000,6,37.5218,-875.183,2.28246,0.419931
957000000,4,26.9578,-877.817,1.73408,0.407492
958000000,2,16.8819,-885.424,1.47397,0.44025
959000000,3,20.8438,-880.268,1.74195,0.426429
960000000,6,32.2465,-875.687,4.80947,0.409801
961000000,4,24.0293,-875.758,1.17689,0.454706
962000000,5,30.1767,-878.914,2.90998,0.435934
963000000,4,24.8437,-873.627,3.40896,0.395232
964000000,5,28.7321,-876.486,4.58869,0.420835
965000000,6,31.9353,-869.758,4.20571,0.430282
966000000,5,26.3304,-892.733,3.4755,0.431563
967000000,3,22.8299,-879.853,1.43184,0.425683
968000000,2,16.6326,-885.955,2.06109,0.387279
969000000,6,28.7764,-875.597,2.6503,0.44925
970000000,6,26.6908,-884.539,4.2245,0.460828
971000000,5,28.5407,-875.61,1.81623,0.4613
972000000,4,23.0432,-881.02,3.09958,0.436721
973000000,7,34.9857,-877.812,7.24907,0.434684
974000000,6,29.7424,-881.846,2.97507,0.402592
975000000,3,20.4034,-882.558,3.03697,0.435511
976000000,5,28.6962,-871.543,5.37662,0.417652
977000000,6,34.7781,-876.988,1.78508,0.45563
978000000,7,36.2665,-877.754,4.6682,0.42277
979000000,4,28.0852,-881.108,2.47824,0.426036
980000000,3,22.2571,-884.856,0.770507,0.454453
981000000,4,25.2558,-888.689,1.30876,0.460616
982000000,4,26.1933,-881.524,1.82133,0.459789
983000000,5,31.1731,-876.834,3.27349,0.437618
984000000,1,11.8519,-893.104,0.387163,0.456267
985000000,3,24.5566,-887.237,1.03567,0.420905
986000000,5,26.727,-877.991,3.2794,0.454871
987000000,10,54.7121,-876.83,6.68505,0.393431
988000000,3,20.5338,-881.797,2.44225,0.440367
989000000,4,28.4294,-879.347,1.22371,0.401667
990000000,3,18.9685,-876.282,3.35226,0.432862
991000000,3,18.839,-880.911,3.34882,0.428191
992000000,4,24.6352,-875.623,2.65113,0.405757
993000000,7,41.2676,-879.325,3.81742,0.416984
994000000,7,37.0522,-867.077,3.19622,0.445047
995000000,3,21.1522,-879.399,1.58418,0.430086
996000000,3,20.1905,-880.102,1.51355,0.425249
997000000,6,29.689,-873.903,5.32622,0.446197
998000000,4,24.5941,-885.97,2.90617,0.442544
999000000,3,21.2452,-887.739,1.61844,0.462456
